416	914	42	anaheim
0	116	5280
1	86	5280
2	73	5280
3	232	5280
4	164	5280
5	212	5280
6	252	5280
7	410	2640
8	378	2640
8	394	2640
9	337	2640
9	361	2640
10	308	2640
11	274	2640
12	261	2640
13	256	2640
14	253	2640
15	262	2640
16	275	2640
17	321	2640
17	347	2640
18	363	2640
18	379	2640
19	396	2640
20	411	2640
20	412	2640
21	413	2640
21	414	2640
22	415	2640
23	265	1320
23	266	1320
24	267	1320
24	268	1320
25	272	1320
25	273	1320
26	301	1320
26	302	1320
27	302	1320
27	303	1320
28	307	1320
28	336	1320
29	339	1320
29	340	1320
30	328	1320
30	329	1320
31	331	1320
31	332	1320
32	336	1320
32	360	1320
33	368	1320
33	384	1320
34	372	1320
34	388	1320
35	377	1320
35	393	1320
36	400	1320
36	401	1320
37	405	1320
37	406	1320
38	265	3854
38	266	3854
39	267	3485
39	268	3485
40	272	2640
40	273	2640
41	301	2640
41	302	2640
42	302	4066
42	303	4066
43	307	2640
43	336	7920
44	339	2640
44	340	2640
45	328	2640
45	329	2640
46	331	2429
46	332	2482
47	336	2640
47	360	2640
48	368	2640
48	384	2640
49	372	2640
49	388	2640
50	377	2640
50	393	2640
51	400	2640
51	401	2640
52	405	2851
52	406	2798
53	55	1320
53	229	1320
54	58	1320
55	101	1320
56	53	1320
56	234	1320
57	136	1320
57	144	1320
58	145	1320
59	101	1320
59	229	1320
60	135	1320
61	1	5280
62	61	5280
63	62	2640
63	188	1320
64	63	1690
65	64	1109
66	65	1320
66	259	1320
67	66	8501
68	67	1320
68	257	1320
69	68	6811
70	69	1320
70	254	1320
71	70	1320
72	71	2270
72	140	1320
73	72	5280
74	2	5280
75	74	5280
76	75	2270
76	140	1320
77	76	1320
78	77	1320
78	255	1320
79	78	6811
80	79	1320
80	258	1320
81	80	8501
82	81	1320
82	260	1320
83	82	1109
84	83	1690
85	84	2640
85	188	1320
86	85	5280
87	0	5280
88	87	5280
89	88	1320
89	292	1320
90	89	1109
91	90	1531
92	91	1690
92	182	1320
92	194	1320
93	92	3379
94	93	1320
94	289	1320
95	94	6019
96	95	1320
96	287	1320
97	96	3010
98	97	1320
98	282	1320
99	98	1901
100	99	1320
100	277	1320
101	100	3749
102	58	1320
102	60	1320
102	236	1320
103	102	3749
104	103	1320
104	278	1320
105	104	1901
106	105	1320
106	283	1320
107	106	3010
108	107	1320
108	288	1320
109	108	6019
110	109	1320
110	290	1320
111	110	3379
112	111	1690
112	182	1320
112	194	1320
113	112	1531
114	113	1109
115	114	1320
115	293	1320
116	115	5280
117	4	5280
118	117	5280
119	118	1320
119	399	1320
120	119	2640
121	120	3010
122	121	1320
122	381	1320
123	122	4171
124	123	1320
124	365	1320
125	124	4171
126	125	1320
126	349	1320
127	126	3010
128	127	1531
129	128	1320
129	323	1320
130	129	4171
131	130	1531
131	313	1320
132	131	2270
133	132	1690
134	133	1320
134	297	1320
135	134	739
136	135	3062
137	59	1320
137	136	634
137	235	1320
138	137	5280
139	138	1320
139	264	1320
140	139	4541
141	71	1320
141	75	1320
142	141	4541
143	142	1320
143	263	1320
144	143	4330
145	144	581
146	56	1320
146	145	3696
147	146	1109
148	147	1320
148	296	1320
149	148	1690
150	149	1109
151	150	3010
151	309	1320
152	151	3379
153	152	1320
153	322	1320
154	153	1531
155	154	3010
156	155	1320
156	348	1320
157	156	4171
158	157	1320
158	364	1320
159	158	4171
160	159	1320
160	380	1320
161	160	3010
162	161	2640
163	162	1320
163	398	1320
164	163	5280
165	5	5280
166	165	5280
167	166	1320
167	408	1320
168	167	3749
169	168	1690
170	169	317
170	215	1320
171	170	1373
171	392	1320
172	171	2429
173	172	1109
174	173	1320
174	376	1320
175	174	3960
176	175	1320
176	359	1320
177	176	3960
178	177	1320
178	335	1320
179	178	9240
180	179	1320
180	306	1320
181	180	739
182	181	1901
183	91	1320
183	111	1320
183	182	1901
184	183	3590
185	184	1901
186	185	1320
186	271	1320
187	186	4330
188	187	3749
189	62	1320
189	84	1320
190	189	3749
191	190	4330
192	191	1320
192	270	1320
193	192	1901
194	193	3590
195	91	1320
195	111	1320
195	194	1901
196	195	1901
197	196	739
198	197	1320
198	305	1320
199	198	9240
200	199	1320
200	334	1320
201	200	3960
202	201	1320
202	358	1320
203	202	3960
204	203	1320
204	375	1320
205	204	1109
206	205	2429
207	206	1373
208	207	317
208	391	1320
209	208	1690
209	249	1320
210	209	3749
211	210	1320
211	407	1320
212	211	5280
213	6	5280
214	213	5280
215	214	1901
216	168	1320
216	215	2851
217	216	1373
217	391	1320
218	217	3749
219	218	2429
219	362	1320
220	219	5650
221	220	1531
222	221	2059
222	345	1320
223	222	4699
224	223	3010
224	329	1320
225	224	4541
226	225	1901
226	310	1320
227	226	5280
228	227	2270
228	276	1320
229	228	581
230	55	1320
230	229	1426
231	57	1320
231	230	1531
232	231	5280
233	3	5280
234	233	5280
235	234	581
236	235	1214
237	54	1320
237	60	1320
237	236	1109
238	237	1109
239	238	2270
239	298	1320
240	239	4541
241	240	3010
241	316	1320
242	241	4541
243	242	1901
243	338	1320
244	243	5069
245	244	3010
245	346	1320
246	245	5650
247	246	1901
247	373	1320
248	247	4330
249	248	1742
250	249	264
250	390	1320
251	207	1320
251	250	2534
252	251	5280
253	14	2640
253	254	5280
254	69	1320
254	253	5280
254	255	1320
255	77	1320
255	254	1320
255	265	5069
256	13	2640
256	257	5280
257	67	1320
257	256	5280
257	258	1320
258	79	1320
258	257	1320
258	266	5069
259	65	1320
259	260	1320
260	81	1320
260	259	1320
260	268	4910
261	12	2640
261	272	5280
262	15	2640
262	263	5280
263	142	1320
263	262	5280
263	264	1320
264	138	1320
264	263	1320
264	265	2640
265	23	1320
265	38	3854
265	255	5069
265	264	2640
265	276	9451
266	23	1320
266	38	3854
266	258	5069
266	267	2640
266	280	4330
267	24	1320
267	39	3485
267	266	2640
267	286	4541
268	24	1320
268	39	3485
268	260	4910
268	269	2640
268	289	6600
269	268	2640
269	270	1531
270	191	1320
270	269	1531
270	271	1320
271	185	1320
271	270	1320
271	272	6019
272	25	1320
272	40	2640
272	261	5280
272	271	739
272	291	5280
273	25	1320
273	40	2640
273	274	5280
273	292	3749
274	11	2640
274	273	5280
275	16	2640
275	295	5280
276	227	1320
276	265	9451
276	298	1901
277	99	1320
277	278	1320
278	103	1320
278	277	1320
278	279	1109
279	278	1109
279	299	1109
280	266	4330
280	281	1531
281	280	1531
281	282	950
282	97	1320
282	281	950
282	283	1320
283	105	1320
283	282	1320
283	284	739
284	283	739
284	285	1531
285	284	1531
285	301	1109
286	267	4541
286	287	1901
287	95	1320
287	286	1901
287	288	1320
288	107	1320
288	287	1320
288	302	3221
289	93	1320
289	268	6600
289	290	1320
290	109	1320
290	289	1320
290	303	3379
291	272	5280
291	304	4910
292	88	1320
292	273	3749
292	293	1320
293	114	1320
293	292	1320
293	294	739
294	293	739
294	307	1901
295	275	5280
295	296	1109
295	309	4171
296	147	1320
296	295	1109
296	297	1320
297	133	1320
297	296	1320
297	298	3010
298	238	1320
298	276	1901
298	297	3010
298	299	2640
298	314	5069
299	279	1109
299	298	2640
299	300	1320
299	315	5069
300	299	1320
300	301	1320
301	26	1320
301	41	2640
301	285	1109
301	300	1320
301	310	3010
302	26	1320
302	27	1320
302	41	2640
302	42	4066
302	288	3221
302	318	5650
303	27	1320
303	42	4066
303	290	3379
303	304	2429
303	311	739
304	291	4910
304	303	2429
304	305	1901
304	320	8659
305	197	1320
305	304	1901
305	306	1320
306	179	1320
306	305	1320
306	307	1320
307	28	1320
307	43	2640
307	294	1901
307	306	1320
307	308	5280
308	10	2640
308	307	5280
309	150	1320
309	295	4171
309	312	739
310	225	1320
310	301	3010
310	316	1901
311	303	739
311	319	7181
312	309	739
312	313	2059
312	324	4541
313	130	1320
313	312	739
313	314	4330
314	298	5069
314	313	4541
314	315	6811
314	326	2851
315	299	5069
315	314	2640
315	316	2270
315	327	2851
316	240	1320
316	310	1901
316	315	2640
316	317	3010
316	328	2851
317	316	3010
317	318	2640
318	302	5650
318	317	2270
318	319	2640
318	329	2270
319	311	7181
319	318	6811
319	320	4541
319	331	1901
320	304	8659
320	319	4330
320	332	1901
320	333	739
321	17	2640
321	322	5280
322	152	1320
322	321	5280
322	323	1320
323	128	1320
323	322	1320
323	324	1531
324	312	4541
324	323	1531
324	325	2270
324	339	950
325	324	2270
325	326	4171
326	314	2851
326	325	4171
326	327	2640
326	340	2640
327	315	2851
327	326	2640
327	328	2640
327	341	2640
328	30	1320
328	45	2640
328	316	2851
328	327	2640
328	342	2640
329	30	1320
329	45	2640
329	223	1320
329	318	2270
329	330	1109
329	338	1690
330	329	1109
330	331	5069
331	31	1320
331	46	2429
331	319	1901
331	330	5069
331	344	1901
332	31	1320
332	46	2482
332	320	1901
332	333	1109
332	357	5491
333	320	2059
333	332	1109
333	334	739
334	199	1320
334	333	739
334	335	1320
335	177	1320
335	334	1320
335	336	1320
336	28	1320
336	32	1320
336	43	7920
336	47	2640
336	335	1320
336	337	5280
337	9	2640
337	336	5280
338	242	1320
338	329	1690
338	343	1109
339	29	1320
339	44	2640
339	324	950
339	350	4541
340	29	1320
340	44	2640
340	326	2640
340	341	2640
340	352	5280
341	327	2640
341	340	2640
341	342	2640
341	353	5280
342	328	2640
342	341	2640
342	343	5280
342	354	5280
343	338	1109
343	342	5280
343	355	5280
344	331	1901
344	345	1690
345	221	1320
345	344	1690
345	346	2851
346	244	1320
346	345	2851
346	356	739
347	17	2640
347	348	5280
348	155	1320
348	347	5280
348	349	1320
349	125	1320
349	348	1320
349	350	2270
350	339	4541
350	349	2270
350	351	1901
350	366	5280
351	350	1901
351	352	3749
352	340	5280
352	351	3749
352	353	2640
352	368	5280
353	341	5280
353	352	2640
353	354	2640
353	369	5280
354	342	5280
354	353	2640
354	355	5280
354	370	5280
355	343	5280
355	354	5280
355	356	5280
355	371	5280
356	346	739
356	355	5280
356	357	5280
356	372	5280
357	332	5491
357	356	5280
357	358	1901
357	362	4541
358	201	1320
358	357	1901
358	359	1320
359	175	1320
359	358	1320
359	360	1320
360	32	1320
360	47	2640
360	359	1320
360	361	5280
360	377	5280
361	9	2640
361	360	5280
362	357	4541
362	374	739
363	18	2640
363	364	5280
364	157	1320
364	363	5280
364	365	1320
365	123	1320
365	364	1320
365	366	2270
366	350	5280
366	365	2270
366	367	1901
366	383	6019
367	366	1901
367	368	3749
368	33	1320
368	48	2640
368	352	5280
368	367	3749
368	369	2640
369	353	5280
369	368	2640
369	370	2640
369	385	5280
370	354	5280
370	369	2640
370	371	5280
370	386	5280
371	355	5280
371	370	5280
371	372	5280
371	387	5280
372	34	1320
372	49	2640
372	356	5280
372	371	5280
372	373	3749
373	246	1320
373	372	3749
373	374	1531
374	218	1320
374	362	739
374	373	1531
374	375	1901
374	389	5280
375	203	1320
375	374	1901
375	376	1320
376	173	1320
376	375	1320
376	377	1320
377	35	1320
377	50	2640
377	360	5280
377	376	1320
377	378	5280
378	8	2640
378	377	5280
379	18	2640
379	380	5280
380	159	1320
380	379	5280
380	381	1320
381	121	1320
381	380	1320
381	382	1531
382	381	1531
382	383	1109
383	366	6019
383	382	1109
383	384	5280
383	400	5280
384	33	1320
384	48	2640
384	383	5280
384	385	2640
384	401	5280
385	369	5280
385	384	2640
385	386	2640
385	402	5280
386	370	5280
386	385	2640
386	387	5280
386	403	5280
387	371	5280
387	386	5280
387	388	5280
387	404	5280
388	34	1320
388	49	2640
388	387	5280
388	389	5280
388	405	5280
389	374	5280
389	388	5280
389	390	1901
389	406	6811
390	248	1320
390	389	1901
390	391	1109
391	206	1320
391	390	1109
391	392	1109
392	169	1320
392	391	1109
392	393	370
393	35	1320
393	50	2640
393	392	370
393	394	5280
393	395	1531
394	8	2640
394	393	5280
395	214	1320
395	393	1531
395	409	5280
396	19	2640
396	397	5280
397	396	5280
397	398	1531
398	162	1320
398	397	1531
398	399	1320
399	118	1320
399	398	1320
399	400	370
400	36	1320
400	51	2640
400	383	5280
400	399	370
401	36	1320
401	51	2640
401	384	5280
401	402	2640
401	411	5280
402	385	5280
402	401	2640
402	403	2640
403	386	5280
403	402	2640
403	404	5280
403	412	5280
404	387	5280
404	403	5280
404	405	5280
404	413	5280
405	37	1320
405	52	2851
405	388	5280
405	404	5280
405	414	5280
406	37	1320
406	52	2798
406	389	6811
406	407	2851
406	415	5280
407	210	1320
407	406	2851
407	408	1320
408	166	1320
408	407	1320
408	409	581
409	395	5280
409	408	581
409	410	5280
410	7	2640
410	409	5280
411	20	2640
411	401	5280
412	20	2640
412	403	5280
413	21	2640
413	404	5280
414	21	2640
414	405	5280
415	22	2640
415	406	5280