==> planar-grid/planar-grid-0.out <==
planar-grid 100 180 2394 80 0.0875 7200.19 107506 7686 3709764 0.113773 459.636 100 60719 0 

==> planar-grid/planar-grid-100.out <==
planar-grid 90 161 14544 19 0 3155.38 3699 23827 5827846 0.0988226 48.4842 100 230313 0 

==> planar-grid/planar-grid-101.out <==
planar-grid 90 161 16968 15 0 393.628 801 20177 867511 0.0874534 7.94944 100 34212 0 

==> planar-grid/planar-grid-102.out <==
planar-grid 90 161 19392 15 0.0666667 7200.03 5411 30012 6117639 0.14187 55.1078 100 297128 0 

==> planar-grid/planar-grid-103.out <==
planar-grid 90 161 21816 15 0.2 7204.4 10073 59413 11205596 0.27621 117.482 100 602404 0 

==> planar-grid/planar-grid-104.out <==
planar-grid 90 161 24240 9 0 118.185 39 18310 80368 0.088997 0.823612 100 3479 0 

==> planar-grid/planar-grid-105.out <==
planar-grid 90 161 26664 9 0 292.807 100 16209 203670 0.0749012 1.755 100 8179 0 

==> planar-grid/planar-grid-106.out <==
planar-grid 90 161 29088 9 0 794.424 124 15554 121774 0.0847648 1.52258 100 7177 0 

==> planar-grid/planar-grid-107.out <==
planar-grid 90 161 31512 9 0 4210.26 2140 25552 1216241 0.114566 15.9827 100 94623 0 

==> planar-grid/planar-grid-108.out <==
planar-grid 90 161 33936 9 0.222222 7200.54 1616 53590 1013915 0.26684 15.2525 100 100806 0 

==> planar-grid/planar-grid-109.out <==
planar-grid 90 161 36360 10 0.4 7200.17 588 89146 477626 0.440081 7.67987 100 48034 0 

==> planar-grid/planar-grid-10.out <==
planar-grid 100 180 26336 10 0 2255.32 590 44691 931648 0.193744 9.60094 100 37215 0 

==> planar-grid/planar-grid-110.out <==
planar-grid 90 161 38784 8 0.5 7200.27 1379 64397 1045456 0.287784 16.2989 100 106680 0 

==> planar-grid/planar-grid-111.out <==
planar-grid 90 161 41208 6 0.333333 7200.49 1353 71705 802928 0.322942 14.2094 100 103702 0 

==> planar-grid/planar-grid-11.out <==
planar-grid 100 180 28730 10 0 2812.19 247 69882 536814 0.342932 5.12461 100 20692 0 

==> planar-grid/planar-grid-12.out <==
planar-grid 100 180 31124 10 0 2137.14 193 32847 234888 0.148663 2.58425 100 10580 0 

==> planar-grid/planar-grid-13.out <==
planar-grid 100 180 33518 10 0.2 7200.15 1516 32557 2160985 0.148831 22.9919 100 107702 0 

==> planar-grid/planar-grid-14.out <==
planar-grid 100 180 35913 10 0.3 7200.44 891 58253 1187849 0.27011 14.2143 100 71677 0 

==> planar-grid/planar-grid-15.out <==
planar-grid 100 180 38307 10 0.4 7200.06 567 62386 657737 0.312061 8.71449 100 47614 0 

==> planar-grid/planar-grid-16.out <==
planar-grid 100 180 40701 10 0.5 7200.28 1070 72161 1738971 0.344862 20.6346 100 100167 0 

==> planar-grid/planar-grid-17.out <==
planar-grid 100 180 43095 9 0.555556 7200.66 719 92142 804188 0.43181 11.5244 100 66046 0 

==> planar-grid/planar-grid-18.out <==
planar-grid 100 180 45489 10 0.6 7200.96 682 91290 825387 0.478113 11.6176 100 66067 0 

==> planar-grid/planar-grid-19.out <==
planar-grid 110 199 2407 90 0.111111 7201.97 105782 9929 4263597 0.129956 593.207 100 42532 0 

==> planar-grid/planar-grid-1.out <==
planar-grid 100 180 4788 51 0.117647 7203.66 27848 13723 5217632 0.0936996 143.104 100 124621 0 

==> planar-grid/planar-grid-20.out <==
planar-grid 110 199 4814 57 0.122807 7202.03 18321 14930 5923147 0.0954257 132.727 100 225529 0 

==> planar-grid/planar-grid-21.out <==
planar-grid 110 199 7221 43 0.116279 7200.01 4351 23131 2988842 0.130037 43.0369 100 129185 0 

==> planar-grid/planar-grid-22.out <==
planar-grid 110 199 9628 32 0 3023.33 2267 20550 3113039 0.113838 30.1273 100 148247 0 

==> planar-grid/planar-grid-23.out <==
planar-grid 110 199 12035 27 0 3038.19 2016 28625 4838781 0.159855 42.6211 100 168418 0 

==> planar-grid/planar-grid-24.out <==
planar-grid 110 199 14442 21 0 2263 1109 34276 2070794 0.15727 18.212 100 66029 0 

==> planar-grid/planar-grid-25.out <==
planar-grid 110 199 16849 21 0 2573.31 1898 22256 4984028 0.110292 40.6704 100 164755 0 

==> planar-grid/planar-grid-26.out <==
planar-grid 110 199 19257 24 0.208333 7200.63 557 124656 957313 0.693027 10.8232 100 43515 0 

==> planar-grid/planar-grid-27.out <==
planar-grid 110 199 21664 21 0.238095 7200.9 1045 60200 1973391 0.33242 20.9183 100 86397 0 

==> planar-grid/planar-grid-28.out <==
planar-grid 110 199 24071 16 0.3125 7200.06 753 65581 1829603 0.288536 17.2819 100 61251 0 

==> planar-grid/planar-grid-29.out <==
planar-grid 110 199 26478 16 0.1875 7200.39 981 72851 2130114 0.374059 22.5002 100 88157 0 

==> planar-grid/planar-grid-2.out <==
planar-grid 100 180 7182 37 0.0810811 7200.44 5624 19250 2523266 0.105677 37.9753 100 107509 0 

==> planar-grid/planar-grid-30.out <==
planar-grid 110 199 28885 10 0 5733.33 501 76742 808808 0.354168 8.66644 100 31576 0 

==> planar-grid/planar-grid-31.out <==
planar-grid 110 199 31292 10 0 1378.06 567 42841 984415 0.177745 9.11799 100 32651 0 

==> planar-grid/planar-grid-32.out <==
planar-grid 110 199 33699 10 0.2 7200.13 566 71382 900087 0.310133 8.85935 100 34263 0 

==> planar-grid/planar-grid-33.out <==
planar-grid 110 199 36107 10 0.4 7200.62 691 56902 1299872 0.261585 12.9512 100 51630 0 

==> planar-grid/planar-grid-34.out <==
planar-grid 110 199 38514 19 0.631579 7200.55 292 123794 574316 0.592784 6.43947 100 28255 0 

==> planar-grid/planar-grid-35.out <==
planar-grid 110 199 40921 10 0.3 7200.03 311 82581 575406 0.432 6.68058 100 29767 0 

==> planar-grid/planar-grid-36.out <==
planar-grid 110 199 43328 69 0.913043 7200.49 255 111169 513294 0.564971 5.75514 100 26574 0 

==> planar-grid/planar-grid-37.out <==
planar-grid 110 199 45735 12 0.583333 7200.45 429 96025 605433 0.495133 8.06175 100 43126 0 

==> planar-grid/planar-grid-38.out <==
planar-grid 110 199 48142 11 0.545455 7200.66 441 88875 602061 0.421852 8.03637 100 44980 0 

==> planar-grid/planar-grid-39.out <==
planar-grid 110 199 50549 5 0.4 7201.54 888 111270 1390613 0.493234 16.9516 100 84234 0 

==> planar-grid/planar-grid-3.out <==
planar-grid 100 180 9576 30 0.0666667 7200.28 15648 24926 6909841 0.136978 93.3353 100 197650 0 

==> planar-grid/planar-grid-40.out <==
planar-grid 40 66 2230 26 0 6.695 4448 1125 176518 0.00799045 3.32992 100 23232 0 

==> planar-grid/planar-grid-41.out <==
planar-grid 40 66 4460 15 0 3.59313 953 2438 93458 0.0110574 0.965826 100 10626 0 

==> planar-grid/planar-grid-42.out <==
planar-grid 40 66 6690 10 0 1.66134 229 4536 35428 0.0176188 0.363565 100 4431 0 

==> planar-grid/planar-grid-43.out <==
planar-grid 40 66 8920 6 0 1.15664 167 4138 20752 0.0181104 0.22976 100 2968 0 

==> planar-grid/planar-grid-44.out <==
planar-grid 40 66 11150 4 0 0.232983 1 2028 1196 0.011493 0.00984631 100 159 0 

==> planar-grid/planar-grid-45.out <==
planar-grid 40 66 13380 4 0 0.470289 19 3111 3674 0.0148415 0.0366831 100 474 0 

==> planar-grid/planar-grid-46.out <==
planar-grid 40 66 15610 4 0 2.39078 275 3733 32870 0.018028 0.387912 100 5836 0 

==> planar-grid/planar-grid-47.out <==
planar-grid 50 85 2233 36 0 50.8888 5899 2126 291302 0.0175308 6.98698 100 37560 0 

==> planar-grid/planar-grid-48.out <==
planar-grid 50 85 4466 20 0 17.9401 2852 2815 537776 0.0173484 5.19075 100 54464 0 

==> planar-grid/planar-grid-49.out <==
planar-grid 50 85 6699 14 0 7.18349 770 3535 206849 0.0181232 1.71576 100 15697 0 

==> planar-grid/planar-grid-4.out <==
planar-grid 100 180 11971 24 0 3716.43 4663 26564 4870615 0.124632 47.5468 100 187220 0 

==> planar-grid/planar-grid-50.out <==
planar-grid 50 85 8932 10 0 3.54596 179 5561 56400 0.0243993 0.492387 100 4701 0 

==> planar-grid/planar-grid-51.out <==
planar-grid 50 85 11165 7 0 5.13222 412 8275 85252 0.0335933 0.870671 100 7810 0 

==> planar-grid/planar-grid-52.out <==
planar-grid 50 85 13398 5 0 0.296964 3 2840 3043 0.0138105 0.0230824 100 235 0 

==> planar-grid/planar-grid-53.out <==
planar-grid 50 85 15631 5 0 2.16282 23 4796 6574 0.0223596 0.0690213 100 674 0 

==> planar-grid/planar-grid-54.out <==
planar-grid 50 85 17864 5 0 9.75505 417 3533 107356 0.0190518 1.07359 100 10934 0 

==> planar-grid/planar-grid-55.out <==
planar-grid 50 85 20097 4 0 63.1244 4846 8377 1230999 0.0327744 12.5765 100 136544 0 

==> planar-grid/planar-grid-56.out <==
planar-grid 60 104 2374 43 0 350.867 61975 4397 1227075 0.0418966 64.368 100 26256 0 

==> planar-grid/planar-grid-57.out <==
planar-grid 60 104 4749 27 0 740.313 47248 7255 5100643 0.0399194 68.8721 100 272607 0 

==> planar-grid/planar-grid-58.out <==
planar-grid 60 104 7124 19 0 95.0598 4787 6716 1663189 0.0317422 14.2239 100 116359 0 

==> planar-grid/planar-grid-59.out <==
planar-grid 60 104 9499 15 0 119.156 3950 11810 1321418 0.0514941 12.2766 100 79937 0 

==> planar-grid/planar-grid-5.out <==
planar-grid 100 180 14365 20 0 2460.79 1189 34523 1431498 0.157524 13.2067 100 49849 0 

==> planar-grid/planar-grid-60.out <==
planar-grid 60 104 11874 12 0 79.0319 1227 9775 437961 0.0455594 3.99829 100 27815 0 

==> planar-grid/planar-grid-61.out <==
planar-grid 60 104 14249 8 0 8.43431 246 6912 98590 0.0287568 0.881761 100 6379 0 

==> planar-grid/planar-grid-62.out <==
planar-grid 60 104 16624 6 0 1.02405 7 4930 8657 0.0225152 0.0648786 100 521 0 

==> planar-grid/planar-grid-63.out <==
planar-grid 60 104 18999 6 0 6.22571 39 5669 19491 0.0272274 0.184967 100 1296 0 

==> planar-grid/planar-grid-64.out <==
planar-grid 60 104 21374 6 0 28.0199 243 9516 89447 0.0452193 0.997584 100 7362 0 

==> planar-grid/planar-grid-65.out <==
planar-grid 60 104 23749 6 0 98.6677 3588 6294 1373708 0.0288633 13.1326 100 109457 0 

==> planar-grid/planar-grid-66.out <==
planar-grid 60 104 26124 4 0 247.635 655 15814 248582 0.0637325 3.38376 100 31510 0 

==> planar-grid/planar-grid-67.out <==
planar-grid 70 123 2410 54 0.0555556 7202.47 1.2469e+06 4857 40898126 0.0848407 2103.69 100 370925 0 

==> planar-grid/planar-grid-68.out <==
planar-grid 70 123 4820 31 0 106.805 3786 8759 916515 0.0540374 12.5675 100 58614 0 

==> planar-grid/planar-grid-69.out <==
planar-grid 70 123 7231 22 0 152.502 5384 8631 3240103 0.0453323 29.0214 100 215986 0 

==> planar-grid/planar-grid-6.out <==
planar-grid 100 180 16759 20 0 6932.34 1937 29969 4878389 0.134801 40.1922 100 155757 0 

==> planar-grid/planar-grid-70.out <==
planar-grid 70 123 9641 17 0 45.756 920 9594 597661 0.0457627 4.9283 100 30327 0 

==> planar-grid/planar-grid-71.out <==
planar-grid 70 123 12052 15 0 782.354 2916 16294 1579655 0.0807612 16.7332 100 93867 0 

==> planar-grid/planar-grid-72.out <==
planar-grid 70 123 14462 16 0 3276.7 2451 18966 1805581 0.0886502 17.7858 100 102422 0 

==> planar-grid/planar-grid-73.out <==
planar-grid 70 123 16873 9 0 53.0374 531 20558 218747 0.0764219 2.19713 100 13571 0 

==> planar-grid/planar-grid-74.out <==
planar-grid 70 123 19283 7 0 17.5042 111 13679 78458 0.0579022 0.685594 100 4354 0 

==> planar-grid/planar-grid-75.out <==
planar-grid 70 123 21693 7 0 77.3903 46 13134 52370 0.0503373 0.410272 100 2973 0 

==> planar-grid/planar-grid-76.out <==
planar-grid 70 123 24104 7 0 147.606 256 11809 127923 0.0487974 1.42724 100 8923 0 

==> planar-grid/planar-grid-77.out <==
planar-grid 70 123 26514 7 0 268.684 324 10210 162526 0.0435223 2.00862 100 13216 0 

==> planar-grid/planar-grid-78.out <==
planar-grid 70 123 28925 6 0 1072.49 3592 13022 2106855 0.0627162 23.7108 100 171433 0 

==> planar-grid/planar-grid-79.out <==
planar-grid 70 123 31335 5 0 799.316 1863 22592 607941 0.0960056 9.08469 100 75641 0 

==> planar-grid/planar-grid-7.out <==
planar-grid 100 180 19153 16 0 5722.19 1558 33758 2216358 0.15642 20.2191 100 77722 0 

==> planar-grid/planar-grid-80.out <==
planar-grid 80 142 2417 62 0.0645161 7201.55 161863 6012 3899710 0.0699239 400.179 100 55850 0 

==> planar-grid/planar-grid-81.out <==
planar-grid 80 142 4835 38 0.0263158 7203.02 167721 10616 14811642 0.0677555 359.077 100 278872 0 

==> planar-grid/planar-grid-82.out <==
planar-grid 80 142 7253 27 0 602.124 8789 12039 5082039 0.0687906 49.9075 100 316260 0 

==> planar-grid/planar-grid-83.out <==
planar-grid 80 142 9671 23 0 2463.59 2566 13024 2032164 0.0643109 20.6242 100 107240 0 

==> planar-grid/planar-grid-84.out <==
planar-grid 80 142 12088 18 0 641.197 5410 16623 4347136 0.075316 37.5954 100 213232 0 

==> planar-grid/planar-grid-85.out <==
planar-grid 80 142 14506 15 0 610.993 1811 17757 1491927 0.0811149 13.7293 100 68409 0 

==> planar-grid/planar-grid-86.out <==
planar-grid 80 142 16924 15 0 3101.47 4438 19702 4624008 0.0908123 42.2702 100 233814 0 

==> planar-grid/planar-grid-87.out <==
planar-grid 80 142 19342 10 0 151.356 663 19112 664428 0.0821124 6.59787 100 31799 0 

==> planar-grid/planar-grid-88.out <==
planar-grid 80 142 21759 8 0 32.5724 27 10228 52733 0.0499893 0.478775 100 2229 0 

==> planar-grid/planar-grid-89.out <==
planar-grid 80 142 24177 8 0 270.746 375 17619 308106 0.0825997 2.94405 100 15593 0 

==> planar-grid/planar-grid-8.out <==
planar-grid 100 180 21547 16 0.0625 7201.47 6476 26666 10667384 0.127395 100.704 100 479557 0 

==> planar-grid/planar-grid-90.out <==
planar-grid 80 142 26595 8 0 601.856 133 23557 104178 0.108621 1.19396 100 6484 0 

==> planar-grid/planar-grid-91.out <==
planar-grid 80 142 29013 8 0 926.777 392 22336 209273 0.102608 2.68729 100 16281 0 

==> planar-grid/planar-grid-92.out <==
planar-grid 80 142 31430 8 0 3499.88 9474 11151 5107526 0.0438916 56.4559 100 380717 0 

==> planar-grid/planar-grid-93.out <==
planar-grid 80 142 33848 8 0.625 7200.07 1817 37260 1351420 0.180225 17.0502 100 112367 0 

==> planar-grid/planar-grid-94.out <==
planar-grid 80 142 36266 6 0.166667 7200.61 20286 19180 10650782 0.096949 132.523 100 1025340 0 

==> planar-grid/planar-grid-95.out <==
planar-grid 90 161 2424 71 0.084507 7203.11 120287 7713 3548974 0.0941581 403.589 100 65243 0 

==> planar-grid/planar-grid-96.out <==
planar-grid 90 161 4848 43 0.0465116 7204.52 107331 15933 12053200 0.109089 317.957 100 181588 0 

==> planar-grid/planar-grid-97.out <==
planar-grid 90 161 7272 32 0 3319.86 28348 12770 7537229 0.0767506 99.6105 100 280460 0 

==> planar-grid/planar-grid-98.out <==
planar-grid 90 161 9696 24 0 535.212 2578 24164 2485099 0.108377 23.3134 100 110617 0 

==> planar-grid/planar-grid-99.out <==
planar-grid 90 161 12120 20 0 452.091 1828 22712 1875979 0.103031 17.0292 100 77863 0 

==> planar-grid/planar-grid-9.out <==
planar-grid 100 180 23942 11 0 967.714 401 46107 811701 0.214358 7.52584 100 27038 0 
